{
  "nbformat": 4,
  "nbformat_minor": 0,
  "metadata": {
    "colab": {
      "provenance": [],
      "authorship_tag": "ABX9TyOUi+E4POWkfz5WfUADp0s+",
      "include_colab_link": true
    },
    "kernelspec": {
      "name": "python3",
      "display_name": "Python 3"
    },
    "language_info": {
      "name": "python"
    }
  },
  "cells": [
    {
      "cell_type": "markdown",
      "metadata": {
        "id": "view-in-github",
        "colab_type": "text"
      },
      "source": [
        "<a href=\"https://colab.research.google.com/github/yrhutu21/Deep_Learning_Projects/blob/main/Iris_Training_Data.ipynb\" target=\"_parent\"><img src=\"https://colab.research.google.com/assets/colab-badge.svg\" alt=\"Open In Colab\"/></a>"
      ]
    },
    {
      "cell_type": "code",
      "execution_count": 38,
      "metadata": {
        "id": "gQMKevUoZGlM"
      },
      "outputs": [],
      "source": [
        "from sklearn.datasets import load_iris"
      ]
    },
    {
      "cell_type": "code",
      "source": [
        "import numpy as np\n",
        "import pandas as pd"
      ],
      "metadata": {
        "id": "wxhtKQunaHJT"
      },
      "execution_count": 39,
      "outputs": []
    },
    {
      "cell_type": "code",
      "source": [
        "import torch\n",
        "import torch.nn as nn\n",
        "import torch.optim as optim"
      ],
      "metadata": {
        "id": "aQSpmak6aaFW"
      },
      "execution_count": 40,
      "outputs": []
    },
    {
      "cell_type": "code",
      "source": [
        "dt = load_iris()"
      ],
      "metadata": {
        "id": "xTKMOOZkanWv"
      },
      "execution_count": 41,
      "outputs": []
    },
    {
      "cell_type": "code",
      "source": [
        "dt.keys()"
      ],
      "metadata": {
        "colab": {
          "base_uri": "https://localhost:8080/"
        },
        "id": "YwmTzENLbU5C",
        "outputId": "3c506bc2-f545-4651-f7ed-c31969f1b56a"
      },
      "execution_count": 42,
      "outputs": [
        {
          "output_type": "execute_result",
          "data": {
            "text/plain": [
              "dict_keys(['data', 'target', 'frame', 'target_names', 'DESCR', 'feature_names', 'filename', 'data_module'])"
            ]
          },
          "metadata": {},
          "execution_count": 42
        }
      ]
    },
    {
      "cell_type": "code",
      "source": [
        "X,Y = dt.data,dt.target"
      ],
      "metadata": {
        "id": "4knW4BDJbifO"
      },
      "execution_count": 43,
      "outputs": []
    },
    {
      "cell_type": "code",
      "source": [
        "dt.target_names"
      ],
      "metadata": {
        "colab": {
          "base_uri": "https://localhost:8080/"
        },
        "id": "pusK96WUbp8m",
        "outputId": "a8644887-c942-4c9a-da59-2c16db45ec08"
      },
      "execution_count": 44,
      "outputs": [
        {
          "output_type": "execute_result",
          "data": {
            "text/plain": [
              "array(['setosa', 'versicolor', 'virginica'], dtype='<U10')"
            ]
          },
          "metadata": {},
          "execution_count": 44
        }
      ]
    },
    {
      "cell_type": "code",
      "source": [
        "#i/p layer 4 and hidden layer 30 # hidden layer 30 and 10 #hidden layer 10 and o/p layer 3\n",
        "model = nn.Sequential (\n",
        "    nn.Linear(4, 30),\n",
        "    nn.ReLU(),\n",
        "    nn.Linear(30, 10),\n",
        "    nn.ReLU(),\n",
        "    nn.Linear(10, 3),\n",
        "    #nn.Softmax(dim = 1)\n",
        ")"
      ],
      "metadata": {
        "id": "qvbmVraHcEnW"
      },
      "execution_count": 45,
      "outputs": []
    },
    {
      "cell_type": "code",
      "source": [
        "X = torch.FloatTensor(X)\n",
        "Y = torch.LongTensor(Y)"
      ],
      "metadata": {
        "id": "V5-CXBaOs01m"
      },
      "execution_count": 46,
      "outputs": []
    },
    {
      "cell_type": "code",
      "source": [
        "#model(X)"
      ],
      "metadata": {
        "colab": {
          "base_uri": "https://localhost:8080/"
        },
        "collapsed": true,
        "id": "VQDXncC0in5q",
        "outputId": "d50e0614-4be3-4e55-98d3-1a0a00de4f7c"
      },
      "execution_count": 21,
      "outputs": [
        {
          "output_type": "execute_result",
          "data": {
            "text/plain": [
              "tensor([[0.2524, 0.4392, 0.3083],\n",
              "        [0.2511, 0.4386, 0.3104],\n",
              "        [0.2521, 0.4382, 0.3097],\n",
              "        [0.2518, 0.4410, 0.3072],\n",
              "        [0.2521, 0.4395, 0.3084],\n",
              "        [0.2521, 0.4446, 0.3034],\n",
              "        [0.2515, 0.4405, 0.3080],\n",
              "        [0.2522, 0.4408, 0.3069],\n",
              "        [0.2518, 0.4398, 0.3084],\n",
              "        [0.2512, 0.4394, 0.3094],\n",
              "        [0.2527, 0.4404, 0.3069],\n",
              "        [0.2520, 0.4424, 0.3056],\n",
              "        [0.2515, 0.4383, 0.3101],\n",
              "        [0.2518, 0.4352, 0.3130],\n",
              "        [0.2538, 0.4351, 0.3110],\n",
              "        [0.2513, 0.4451, 0.3036],\n",
              "        [0.2529, 0.4382, 0.3089],\n",
              "        [0.2524, 0.4396, 0.3079],\n",
              "        [0.2517, 0.4429, 0.3054],\n",
              "        [0.2519, 0.4415, 0.3066],\n",
              "        [0.2501, 0.4415, 0.3084],\n",
              "        [0.2520, 0.4418, 0.3062],\n",
              "        [0.2510, 0.4371, 0.3119],\n",
              "        [0.2512, 0.4423, 0.3065],\n",
              "        [0.2503, 0.4454, 0.3044],\n",
              "        [0.2494, 0.4400, 0.3106],\n",
              "        [0.2519, 0.4428, 0.3054],\n",
              "        [0.2524, 0.4406, 0.3069],\n",
              "        [0.2527, 0.4390, 0.3083],\n",
              "        [0.2514, 0.4420, 0.3065],\n",
              "        [0.2505, 0.4412, 0.3083],\n",
              "        [0.2516, 0.4404, 0.3080],\n",
              "        [0.2503, 0.4453, 0.3044],\n",
              "        [0.2516, 0.4420, 0.3064],\n",
              "        [0.2510, 0.4399, 0.3091],\n",
              "        [0.2529, 0.4360, 0.3111],\n",
              "        [0.2535, 0.4369, 0.3096],\n",
              "        [0.2519, 0.4393, 0.3088],\n",
              "        [0.2516, 0.4386, 0.3098],\n",
              "        [0.2524, 0.4407, 0.3070],\n",
              "        [0.2524, 0.4382, 0.3094],\n",
              "        [0.2491, 0.4361, 0.3148],\n",
              "        [0.2514, 0.4387, 0.3098],\n",
              "        [0.2535, 0.4425, 0.3040],\n",
              "        [0.2522, 0.4467, 0.3010],\n",
              "        [0.2513, 0.4394, 0.3093],\n",
              "        [0.2519, 0.4425, 0.3056],\n",
              "        [0.2517, 0.4399, 0.3084],\n",
              "        [0.2525, 0.4406, 0.3069],\n",
              "        [0.2524, 0.4393, 0.3083],\n",
              "        [0.2431, 0.4726, 0.2843],\n",
              "        [0.2444, 0.4707, 0.2849],\n",
              "        [0.2439, 0.4751, 0.2810],\n",
              "        [0.2462, 0.4678, 0.2861],\n",
              "        [0.2449, 0.4730, 0.2821],\n",
              "        [0.2449, 0.4713, 0.2838],\n",
              "        [0.2445, 0.4728, 0.2827],\n",
              "        [0.2459, 0.4592, 0.2949],\n",
              "        [0.2439, 0.4720, 0.2841],\n",
              "        [0.2466, 0.4655, 0.2879],\n",
              "        [0.2461, 0.4627, 0.2912],\n",
              "        [0.2459, 0.4679, 0.2862],\n",
              "        [0.2451, 0.4669, 0.2881],\n",
              "        [0.2447, 0.4733, 0.2820],\n",
              "        [0.2470, 0.4606, 0.2924],\n",
              "        [0.2437, 0.4698, 0.2865],\n",
              "        [0.2450, 0.4716, 0.2834],\n",
              "        [0.2438, 0.4666, 0.2895],\n",
              "        [0.2469, 0.4734, 0.2797],\n",
              "        [0.2448, 0.4656, 0.2896],\n",
              "        [0.2459, 0.4747, 0.2795],\n",
              "        [0.2448, 0.4662, 0.2890],\n",
              "        [0.2462, 0.4764, 0.2774],\n",
              "        [0.2444, 0.4727, 0.2829],\n",
              "        [0.2438, 0.4692, 0.2870],\n",
              "        [0.2438, 0.4703, 0.2859],\n",
              "        [0.2445, 0.4744, 0.2811],\n",
              "        [0.2451, 0.4770, 0.2780],\n",
              "        [0.2450, 0.4718, 0.2832],\n",
              "        [0.2446, 0.4607, 0.2947],\n",
              "        [0.2451, 0.4649, 0.2900],\n",
              "        [0.2447, 0.4636, 0.2917],\n",
              "        [0.2445, 0.4654, 0.2901],\n",
              "        [0.2463, 0.4782, 0.2756],\n",
              "        [0.2452, 0.4716, 0.2833],\n",
              "        [0.2457, 0.4697, 0.2845],\n",
              "        [0.2439, 0.4732, 0.2829],\n",
              "        [0.2458, 0.4715, 0.2827],\n",
              "        [0.2449, 0.4665, 0.2886],\n",
              "        [0.2456, 0.4673, 0.2871],\n",
              "        [0.2453, 0.4704, 0.2843],\n",
              "        [0.2443, 0.4721, 0.2835],\n",
              "        [0.2447, 0.4667, 0.2886],\n",
              "        [0.2457, 0.4597, 0.2946],\n",
              "        [0.2450, 0.4687, 0.2862],\n",
              "        [0.2437, 0.4677, 0.2886],\n",
              "        [0.2443, 0.4683, 0.2874],\n",
              "        [0.2440, 0.4692, 0.2868],\n",
              "        [0.2479, 0.4549, 0.2972],\n",
              "        [0.2446, 0.4675, 0.2878],\n",
              "        [0.2476, 0.4884, 0.2640],\n",
              "        [0.2474, 0.4793, 0.2733],\n",
              "        [0.2465, 0.4867, 0.2668],\n",
              "        [0.2464, 0.4831, 0.2706],\n",
              "        [0.2472, 0.4861, 0.2666],\n",
              "        [0.2464, 0.4931, 0.2605],\n",
              "        [0.2477, 0.4734, 0.2788],\n",
              "        [0.2459, 0.4895, 0.2646],\n",
              "        [0.2473, 0.4857, 0.2669],\n",
              "        [0.2460, 0.4887, 0.2653],\n",
              "        [0.2456, 0.4786, 0.2758],\n",
              "        [0.2470, 0.4811, 0.2719],\n",
              "        [0.2465, 0.4831, 0.2704],\n",
              "        [0.2483, 0.4792, 0.2725],\n",
              "        [0.2489, 0.4807, 0.2704],\n",
              "        [0.2472, 0.4812, 0.2716],\n",
              "        [0.2458, 0.4819, 0.2722],\n",
              "        [0.2444, 0.4927, 0.2629],\n",
              "        [0.2482, 0.4973, 0.2545],\n",
              "        [0.2474, 0.4780, 0.2746],\n",
              "        [0.2466, 0.4852, 0.2682],\n",
              "        [0.2474, 0.4776, 0.2750],\n",
              "        [0.2467, 0.4941, 0.2593],\n",
              "        [0.2465, 0.4771, 0.2764],\n",
              "        [0.2458, 0.4842, 0.2699],\n",
              "        [0.2450, 0.4861, 0.2689],\n",
              "        [0.2462, 0.4759, 0.2778],\n",
              "        [0.2458, 0.4764, 0.2778],\n",
              "        [0.2475, 0.4844, 0.2681],\n",
              "        [0.2448, 0.4840, 0.2712],\n",
              "        [0.2463, 0.4882, 0.2654],\n",
              "        [0.2435, 0.4892, 0.2673],\n",
              "        [0.2478, 0.4847, 0.2674],\n",
              "        [0.2454, 0.4776, 0.2770],\n",
              "        [0.2462, 0.4822, 0.2716],\n",
              "        [0.2467, 0.4893, 0.2640],\n",
              "        [0.2469, 0.4841, 0.2690],\n",
              "        [0.2456, 0.4817, 0.2726],\n",
              "        [0.2458, 0.4755, 0.2787],\n",
              "        [0.2461, 0.4819, 0.2720],\n",
              "        [0.2473, 0.4849, 0.2679],\n",
              "        [0.2476, 0.4792, 0.2732],\n",
              "        [0.2474, 0.4793, 0.2733],\n",
              "        [0.2468, 0.4870, 0.2662],\n",
              "        [0.2471, 0.4857, 0.2672],\n",
              "        [0.2472, 0.4810, 0.2719],\n",
              "        [0.2475, 0.4788, 0.2737],\n",
              "        [0.2463, 0.4799, 0.2738],\n",
              "        [0.2471, 0.4815, 0.2714],\n",
              "        [0.2461, 0.4782, 0.2756]], grad_fn=<SoftmaxBackward0>)"
            ]
          },
          "metadata": {},
          "execution_count": 21
        }
      ]
    },
    {
      "cell_type": "code",
      "source": [
        "#torch.argmax(model(X) , dim=1)"
      ],
      "metadata": {
        "colab": {
          "base_uri": "https://localhost:8080/"
        },
        "id": "4Xnria0pir6b",
        "outputId": "3de58270-de82-44a2-e04a-d31f8ff7c3c7"
      },
      "execution_count": 22,
      "outputs": [
        {
          "output_type": "execute_result",
          "data": {
            "text/plain": [
              "tensor([1, 1, 1, 1, 1, 1, 1, 1, 1, 1, 1, 1, 1, 1, 1, 1, 1, 1, 1, 1, 1, 1, 1, 1,\n",
              "        1, 1, 1, 1, 1, 1, 1, 1, 1, 1, 1, 1, 1, 1, 1, 1, 1, 1, 1, 1, 1, 1, 1, 1,\n",
              "        1, 1, 1, 1, 1, 1, 1, 1, 1, 1, 1, 1, 1, 1, 1, 1, 1, 1, 1, 1, 1, 1, 1, 1,\n",
              "        1, 1, 1, 1, 1, 1, 1, 1, 1, 1, 1, 1, 1, 1, 1, 1, 1, 1, 1, 1, 1, 1, 1, 1,\n",
              "        1, 1, 1, 1, 1, 1, 1, 1, 1, 1, 1, 1, 1, 1, 1, 1, 1, 1, 1, 1, 1, 1, 1, 1,\n",
              "        1, 1, 1, 1, 1, 1, 1, 1, 1, 1, 1, 1, 1, 1, 1, 1, 1, 1, 1, 1, 1, 1, 1, 1,\n",
              "        1, 1, 1, 1, 1, 1])"
            ]
          },
          "metadata": {},
          "execution_count": 22
        }
      ]
    },
    {
      "cell_type": "code",
      "source": [
        "lossfn = nn.CrossEntropyLoss()\n",
        "optSgd = optim.SGD(model.parameters(), lr =0.01)"
      ],
      "metadata": {
        "id": "3oxqeBHGjYHn"
      },
      "execution_count": 47,
      "outputs": []
    },
    {
      "cell_type": "markdown",
      "source": [
        "Training\n"
      ],
      "metadata": {
        "id": "PyTwR_dhvfbk"
      }
    },
    {
      "cell_type": "code",
      "source": [
        "for _ in range(200):\n",
        "    optSgd.zero_grad()\n",
        "    Yp = model(X)\n",
        "    loss = lossfn(Yp, Y)\n",
        "    loss.backward()\n",
        "    optSgd.step()\n",
        "\n",
        "    print(loss.item())"
      ],
      "metadata": {
        "colab": {
          "base_uri": "https://localhost:8080/"
        },
        "collapsed": true,
        "id": "h-_9w-lbjXvw",
        "outputId": "de340b6a-d063-4fab-e121-1f971c1ddafd"
      },
      "execution_count": 48,
      "outputs": [
        {
          "output_type": "stream",
          "name": "stdout",
          "text": [
            "1.132391333580017\n",
            "1.1239960193634033\n",
            "1.1171371936798096\n",
            "1.111205816268921\n",
            "1.1057120561599731\n",
            "1.1006332635879517\n",
            "1.096120834350586\n",
            "1.0921998023986816\n",
            "1.0885919332504272\n",
            "1.085184097290039\n",
            "1.081929326057434\n",
            "1.0788114070892334\n",
            "1.0758142471313477\n",
            "1.0729341506958008\n",
            "1.0701429843902588\n",
            "1.0674386024475098\n",
            "1.064823865890503\n",
            "1.0622756481170654\n",
            "1.0597867965698242\n",
            "1.057357907295227\n",
            "1.0549782514572144\n",
            "1.0526466369628906\n",
            "1.0503562688827515\n",
            "1.0481058359146118\n",
            "1.0458908081054688\n",
            "1.0437067747116089\n",
            "1.0415505170822144\n",
            "1.0394165515899658\n",
            "1.0373058319091797\n",
            "1.0352157354354858\n",
            "1.0331428050994873\n",
            "1.031084656715393\n",
            "1.0290391445159912\n",
            "1.027005672454834\n",
            "1.024979829788208\n",
            "1.0229641199111938\n",
            "1.020954966545105\n",
            "1.018949270248413\n",
            "1.0169459581375122\n",
            "1.0149457454681396\n",
            "1.0129469633102417\n",
            "1.0109463930130005\n",
            "1.0089436769485474\n",
            "1.006937861442566\n",
            "1.004928708076477\n",
            "1.0029140710830688\n",
            "1.0008924007415771\n",
            "0.9988630414009094\n",
            "0.9968249797821045\n",
            "0.9947797656059265\n",
            "0.9927238821983337\n",
            "0.9906573295593262\n",
            "0.9885814189910889\n",
            "0.9865086674690247\n",
            "0.9844295382499695\n",
            "0.9823430180549622\n",
            "0.9802432060241699\n",
            "0.9781284332275391\n",
            "0.9760012626647949\n",
            "0.973863959312439\n",
            "0.9717155694961548\n",
            "0.9695447683334351\n",
            "0.9673509001731873\n",
            "0.9651325345039368\n",
            "0.9628870487213135\n",
            "0.9606168866157532\n",
            "0.9583175778388977\n",
            "0.9559910893440247\n",
            "0.953639030456543\n",
            "0.9512543678283691\n",
            "0.9488414525985718\n",
            "0.9463984370231628\n",
            "0.9439233541488647\n",
            "0.941417932510376\n",
            "0.9388844966888428\n",
            "0.9363186359405518\n",
            "0.9337247610092163\n",
            "0.931099534034729\n",
            "0.9284542798995972\n",
            "0.9257845282554626\n",
            "0.9230818748474121\n",
            "0.9203469753265381\n",
            "0.9175825715065002\n",
            "0.9147906303405762\n",
            "0.9119710326194763\n",
            "0.90911865234375\n",
            "0.9062486886978149\n",
            "0.9033576250076294\n",
            "0.9004554152488708\n",
            "0.8975585699081421\n",
            "0.8946625590324402\n",
            "0.8917552828788757\n",
            "0.8888309001922607\n",
            "0.8858950734138489\n",
            "0.8829575777053833\n",
            "0.8800102472305298\n",
            "0.8770386576652527\n",
            "0.8740646243095398\n",
            "0.8710693120956421\n",
            "0.8680636882781982\n",
            "0.865051805973053\n",
            "0.8620377779006958\n",
            "0.8590105175971985\n",
            "0.8559689521789551\n",
            "0.8529183864593506\n",
            "0.849855899810791\n",
            "0.8467836976051331\n",
            "0.8437097072601318\n",
            "0.8406292796134949\n",
            "0.837532103061676\n",
            "0.8344212174415588\n",
            "0.8313016891479492\n",
            "0.8281691670417786\n",
            "0.8250250816345215\n",
            "0.8218693733215332\n",
            "0.8187101483345032\n",
            "0.8155453205108643\n",
            "0.8123697638511658\n",
            "0.8091930747032166\n",
            "0.8060128092765808\n",
            "0.8028243780136108\n",
            "0.7996355295181274\n",
            "0.7964414954185486\n",
            "0.7932414412498474\n",
            "0.7900378108024597\n",
            "0.7868239283561707\n",
            "0.7836182117462158\n",
            "0.7804152369499207\n",
            "0.7772107720375061\n",
            "0.7740074992179871\n",
            "0.770801842212677\n",
            "0.7676014304161072\n",
            "0.7644122838973999\n",
            "0.7612407803535461\n",
            "0.7580737471580505\n",
            "0.7549177408218384\n",
            "0.7517785429954529\n",
            "0.7486459016799927\n",
            "0.7455206513404846\n",
            "0.7424030303955078\n",
            "0.7392947673797607\n",
            "0.7361986041069031\n",
            "0.7331117391586304\n",
            "0.7300335764884949\n",
            "0.7269643545150757\n",
            "0.7239038348197937\n",
            "0.7208536863327026\n",
            "0.717814028263092\n",
            "0.7147894501686096\n",
            "0.7117813229560852\n",
            "0.7087862491607666\n",
            "0.7058046460151672\n",
            "0.702836275100708\n",
            "0.6998827457427979\n",
            "0.6969442367553711\n",
            "0.6940224170684814\n",
            "0.6911199688911438\n",
            "0.6882344484329224\n",
            "0.6853694915771484\n",
            "0.6825222969055176\n",
            "0.6796965003013611\n",
            "0.6768908500671387\n",
            "0.6741043329238892\n",
            "0.6713381409645081\n",
            "0.6685916781425476\n",
            "0.6658647060394287\n",
            "0.6631578803062439\n",
            "0.6604719758033752\n",
            "0.657808244228363\n",
            "0.6551638245582581\n",
            "0.65254145860672\n",
            "0.6499419212341309\n",
            "0.6473648548126221\n",
            "0.6448096036911011\n",
            "0.6422793865203857\n",
            "0.6397706270217896\n",
            "0.6372855305671692\n",
            "0.6348210573196411\n",
            "0.6323781609535217\n",
            "0.6299554109573364\n",
            "0.6275531053543091\n",
            "0.6251721978187561\n",
            "0.6228134036064148\n",
            "0.6204811334609985\n",
            "0.6181725263595581\n",
            "0.6158841848373413\n",
            "0.613616406917572\n",
            "0.6113708019256592\n",
            "0.6091461777687073\n",
            "0.6069425344467163\n",
            "0.604762077331543\n",
            "0.6026023626327515\n",
            "0.6004647612571716\n",
            "0.5983507633209229\n",
            "0.5962573289871216\n",
            "0.5941842794418335\n",
            "0.5921332836151123\n",
            "0.5901018381118774\n",
            "0.5880926251411438\n",
            "0.5861039757728577\n"
          ]
        }
      ]
    },
    {
      "cell_type": "markdown",
      "source": [
        "Inference"
      ],
      "metadata": {
        "id": "jcz7aYhLv6Jk"
      }
    },
    {
      "cell_type": "code",
      "source": [
        "ynewp = model(X)"
      ],
      "metadata": {
        "id": "KMNW2D_jvCXt"
      },
      "execution_count": 50,
      "outputs": []
    },
    {
      "cell_type": "code",
      "source": [
        "sftout = torch.softmax(ynewp,dim=1)"
      ],
      "metadata": {
        "id": "rKlIHPtRvQTC"
      },
      "execution_count": 51,
      "outputs": []
    },
    {
      "cell_type": "code",
      "source": [
        "torch.argmax(sftout, dim=1)"
      ],
      "metadata": {
        "colab": {
          "base_uri": "https://localhost:8080/"
        },
        "id": "pbqeFSemv5iQ",
        "outputId": "d650f463-02e4-4298-d398-47a837c06147"
      },
      "execution_count": 52,
      "outputs": [
        {
          "output_type": "execute_result",
          "data": {
            "text/plain": [
              "tensor([0, 0, 0, 0, 0, 0, 0, 0, 0, 0, 0, 0, 0, 0, 0, 0, 0, 0, 0, 0, 0, 0, 0, 0,\n",
              "        0, 0, 0, 0, 0, 0, 0, 0, 0, 0, 0, 0, 0, 0, 0, 0, 0, 0, 0, 0, 0, 0, 0, 0,\n",
              "        0, 0, 2, 2, 2, 2, 2, 2, 2, 2, 2, 2, 2, 2, 2, 2, 2, 2, 2, 2, 2, 2, 2, 2,\n",
              "        2, 2, 2, 2, 2, 2, 2, 2, 2, 2, 2, 2, 2, 2, 2, 2, 2, 2, 2, 2, 2, 2, 2, 2,\n",
              "        2, 2, 2, 2, 2, 2, 2, 2, 2, 2, 2, 2, 2, 2, 2, 2, 2, 2, 2, 2, 2, 2, 2, 2,\n",
              "        2, 2, 2, 2, 2, 2, 2, 2, 2, 2, 2, 2, 2, 2, 2, 2, 2, 2, 2, 2, 2, 2, 2, 2,\n",
              "        2, 2, 2, 2, 2, 2])"
            ]
          },
          "metadata": {},
          "execution_count": 52
        }
      ]
    },
    {
      "cell_type": "markdown",
      "source": [
        "Batches"
      ],
      "metadata": {
        "id": "jv77xDfvwGPC"
      }
    },
    {
      "cell_type": "code",
      "source": [],
      "metadata": {
        "id": "-wD9tsDCwI2C"
      },
      "execution_count": null,
      "outputs": []
    }
  ]
}